1,12,17,21,43,48
2,3,7,25,38,40
3,4,9,17,27,30
3,6,13,14,34,43
3,22,33,39,45,49
9,13,31,34,35,40
1,13,27,31,33,41
12,15,19,32,34,40
16,21,31,40,45,49
1,4,6,18,22,47
21,31,34,42,45,49
1,3,20,21,33,45
2,4,5,8,22,26
14,19,22,25,37,43
2,3,8,14,27,49
9,13,16,17,21,31
2,7,18,20,27,29
23,28,30,33,46,47
1,17,19,28,39,40
4,8,17,33,45,48
7,8,20,28,34,41
3,11,14,31,38,46
6,19,24,26,31,45
2,8,18,27,30,46
2,4,7,8,23,46
8,9,18,20,31,40
3,13,16,27,28,44
6,13,14,15,21,39
2,10,16,22,28,37
5,15,20,21,31,49
6,14,26,42,44,46
14,22,24,25,34,38
11,34,39,41,43,48
3,14,28,32,34,46
8,9,20,25,34,40
4,6,22,38,40,46
7,23,26,29,32,44
9,10,13,22,38,42
1,2,10,12,30,36
3,25,34,35,38,39
8,10,34,35,37,48
4,15,28,29,30,41
11,22,23,37,44,46
6,21,40,42,47,49
3,15,16,31,32,35
2,4,23,28,37,38
9,27,37,40,42,46
5,24,27,34,42,45
6,16,33,34,41,42
1,2,15,18,38,45
6,21,24,38,40,47
14,20,26,29,34,41
6,9,10,34,41,42
4,21,34,37,38,39
9,10,23,37,41,47
9,29,34,35,43,45
11,15,28,31,36,48
4,15,27,35,36,46
7,10,13,19,36,38
3,10,23,34,35,44
8,25,30,36,37,47
13,24,34,36,39,47
1,28,30,34,37,38
10,20,23,35,47,49
15,31,34,38,41,44
12,15,19,23,27,33
4,10,24,29,32,40
15,28,36,38,39,46
11,22,30,32,35,39
4,6,9,27,30,35
6,14,28,31,34,44
10,13,18,25,32,44
3,10,11,18,39,46
2,8,9,32,36,44
1,3,17,23,34,48
14,30,34,38,43,46
1,11,14,30,34,36
28,32,33,38,45,49
12,22,28,30,40,47
12,23,31,46,48,49
1,2,5,11,38,39
1,4,25,31,32,41
11,13,14,15,16,36
3,19,20,24,41,49
5,7,10,11,23,34
4,10,21,36,40,46
9,24,27,30,40,48
6,8,17,35,36,41
22,26,37,39,45,48
12,16,21,23,24,37
1,7,14,15,27,47
2,4,5,25,32,49
8,9,17,32,34,36
1,6,26,27,32,36
2,4,11,24,26,43
4,11,13,19,26,27
10,11,12,19,24,34
4,17,24,34,40,47
6,25,27,29,32,36
6,11,23,37,44,46
3,22,23,28,38,43
3,17,28,32,34,48
3,7,9,14,43,49
7,14,25,38,44,49
7,14,15,16,19,25
3,6,7,11,41,46
6,15,27,31,44,48
7,15,18,20,27,34
22,33,37,38,42,45
4,8,15,17,27,42
13,16,17,29,42,45
1,5,17,36,37,42
2,14,24,42,45,47
6,9,13,37,41,43
2,6,9,13,31,32
12,16,21,32,42,45
6,8,14,36,46,49
17,21,30,40,41,44
6,18,23,25,30,34
2,16,26,28,38,42
3,7,23,36,38,47
14,21,32,38,42,44
8,21,23,39,41,43
16,18,20,23,25,37
9,10,25,35,44,45
5,12,34,41,47,49
22,25,33,44,45,49
1,16,28,29,34,43
4,13,16,22,29,44
13,15,22,28,34,44
5,16,24,25,26,47
1,6,23,33,40,45
2,14,28,40,45,47
7,8,14,18,25,30
4,8,13,20,41,47
10,13,15,27,28,31
5,8,19,40,48,49
7,22,34,36,38,46
5,12,14,25,44,47
9,16,20,22,26,49
11,29,31,34,43,46
2,11,20,33,37,46
21,28,34,35,38,46
6,25,26,38,43,48
8,11,20,26,37,48
6,12,39,41,42,47
17,31,36,37,42,46
4,10,27,40,42,47
11,12,28,33,37,48
5,7,8,11,13,34
6,26,28,30,40,48
5,25,27,45,47,49
17,20,28,43,45,49
6,10,28,35,41,44
5,15,21,24,32,48
1,2,7,21,24,35
